Loss: 0.6917422413825989
Accuracy: 0.5555555820465088