Loss: 0.695227861404419
Accuracy: 0.42307692766189575