Loss: 0.589490532875061
Accuracy: 0.7777777910232544