Loss: 2.395416021347046
Accuracy: 0.8846153616905212