Loss: 3.1963751316070557
Accuracy: 0.4615384638309479