Loss: 0.6932166218757629
Accuracy: 0.42307692766189575