Loss: 0.66379314661026
Accuracy: 0.7777777910232544