Loss: 0.9019768238067627
Accuracy: 0.6111111044883728