Loss: 5.283523082733154
Accuracy: 0.5555555820465088