Loss: 0.24670015275478363
Accuracy: 0.8126984238624573