Loss: 0.705430269241333
Accuracy: 0.5555555820465088