Loss: 0.6927769184112549
Accuracy: 0.6666666865348816