Loss: 2.003312110900879
Accuracy: 0.5555555820465088