Loss: 1.319648265838623
Accuracy: 0.4444444477558136