Loss: 0.3726300597190857
Accuracy: 0.6309148073196411