Loss: 0.33380797505378723
Accuracy: 0.8201892971992493