Loss: 1.1116069555282593
Accuracy: 0.7777777910232544