Loss: 0.6922563314437866
Accuracy: 0.5555555820465088