Loss: 0.5076330900192261
Accuracy: 0.48571428656578064