Loss: 0.5568858981132507
Accuracy: 0.2947368323802948