Loss: 0.6891979575157166
Accuracy: 0.5925925970077515