Loss: 0.5374610424041748
Accuracy: 0.9010526537895203