Loss: 2.095435380935669
Accuracy: 0.6296296119689941