Loss: 0.6103900074958801
Accuracy: 0.7777777910232544