Loss: 1.577412486076355
Accuracy: 0.7222222089767456