Loss: 0.5322868227958679
Accuracy: 0.7777777910232544