Loss: 1.8672250509262085
Accuracy: 0.8333333134651184