Loss: 0.7647107839584351
Accuracy: 0.7777777910232544