Loss: 1.8665385246276855
Accuracy: 0.7777777910232544